25.000000 0.100000 0.600000 -21.900000 -9.800000 -6.200000 6.300000 0.900000 -8.400000 0.500000 -1.100000 -2.800000 9.100000 0.100000 0.400000 -19.400000 -9.500000 -6.200000 6.100000 0.800000 -6.300000 0.300000 -0.400000 -0.400000 
28.600000 -2.400000 -11.600000 0.000000 -7.300000 -7.900000 5.300000 -4.100000 -6.200000 -1.500000 -0.200000 2.200000 10.400000 -1.400000 -8.700000 0.000000 -7.100000 -7.900000 5.200000 -3.700000 -4.700000 -0.900000 -0.100000 0.300000 
26.400000 8.200000 -0.700000 -19.600000 -18.400000 -6.200000 5.300000 -0.300000 -0.500000 -7.000000 -0.300000 -4.400000 9.600000 4.700000 -0.500000 -17.400000 -17.900000 -6.200000 5.100000 -0.300000 -0.400000 -4.000000 -0.100000 -0.600000 
16.300000 9.900000 3.500000 -27.600000 -14.400000 -10.300000 8.000000 -1.200000 -8.100000 -0.000000 0.200000 -1.700000 5.900000 5.700000 2.600000 -24.400000 -14.000000 -10.300000 7.700000 -1.100000 -6.000000 -0.000000 0.100000 -0.200000 
47.000000 -11.100000 -15.300000 -10.400000 -8.900000 -9.800000 2.300000 -0.600000 -3.400000 -1.400000 -1.300000 -3.300000 17.100000 -6.400000 -11.500000 -9.200000 -8.700000 -9.800000 2.200000 -0.500000 -2.500000 -0.800000 -0.500000 -0.500000 
7.300000 -15.300000 -4.900000 0.700000 -7.100000 -7.400000 1.600000 -11.700000 -1.500000 1.000000 -0.900000 -1.600000 2.600000 -8.700000 -3.600000 0.600000 -6.900000 -7.400000 1.600000 -10.400000 -1.100000 0.600000 -0.300000 -0.200000 
12.200000 25.900000 -20.300000 -25.300000 -5.300000 -13.300000 6.800000 1.600000 -5.600000 -2.700000 -3.200000 -3.500000 4.500000 14.800000 -15.200000 -22.400000 -5.100000 -13.300000 6.600000 1.400000 -4.200000 -1.500000 -1.200000 -0.500000 
10.000000 7.400000 -9.700000 -22.000000 -1.400000 0.300000 -1.600000 -1.700000 -9.900000 -7.300000 6.500000 0.500000 3.600000 4.200000 -7.200000 -19.500000 -1.400000 0.300000 -1.600000 -1.500000 -7.400000 -4.200000 2.400000 0.100000 
22.700000 28.200000 -26.600000 -21.000000 -4.700000 -8.700000 6.500000 -7.200000 -1.200000 -4.500000 0.500000 0.600000 8.300000 16.100000 -19.900000 -18.600000 -4.600000 -8.700000 6.300000 -6.300000 -0.900000 -2.600000 0.200000 0.100000 
7.000000 -8.900000 3.300000 -9.100000 -2.200000 -2.300000 -1.300000 -6.800000 -2.000000 -3.700000 -0.500000 0.100000 2.600000 -5.100000 2.500000 -8.000000 -2.100000 -2.300000 -1.200000 -6.000000 -1.500000 -2.100000 -0.200000 0.000000 
